76001
76002
76003
51
1505
949
76005
76006
76007
203518
101165
76008
76009
76010
203112
76011
76012
200801
1629121
203919
149
203500
912
1628389
1629061
76015
202399
201167
200772
76016
201336
76017
201582
76018
203006
1629152
202374
76019
76020
203128
202332
200746
76021
1626146
724
2042
76022
201570
2349
1629638
76024
1628959
76028
1628960
1628386
706
1628443
202730
76027
2124
76025
951
2754
76029
200984
76030
201165
308
1747
1824
680
732
202329
200811
76034
2365
2431
101187
202079
76035
76036
1507
76037
944
246
202341
76040
1626147
72
76041
203937
76042
76043
98
76045
76046
201583
1000
335
76048
101149
76049
1628387
76050
1512
203507
1628961
203648
2546
21
201202
203544
1628384
203951
2737
76053
76054
2425
1627853
76055
2240
2772
76056
76057
769
76061
2220
353
200756
76060
76059
76062
76063
76064
2306
201589
76065
1628503
201600
355
173
76068
76069
1088
76070
76071
278
201571
200788
1134
76073
76074
138
76076
1895
76078
202970
201965
1629028
101235
203569
202337
76079
76080
1628407
76081
2053
76082
1628963
76084
76083
76085
1847
1753
203946
1858
2486
76089
1627758
452
1627735
200764
76090
1628366
76091
76092
1628964
76093
2556
76094
76095
76096
2571
76097
200826
200745
76098
76099
787
2057
76102
203084
76103
76105
76104
2440
76107
76106
76108
76109
76110
76111
76112
76113
2857
76114
1629628
2853
344
699
1003
468
600013
76117
76118
203115
101188
76119
101138
76120
1766
2370
76121
1628966
101212
2471
1499
2203
174
76123
76124
201587
76125
76126
2437
201573
76127
203382
76128
203145
1629647
76129
203078
76130
76131
2602
1627736
201563
76133
201958
76134
1133
76136
76137
76138
76139
76140
76141
201158
2294
76142
1628395
1952
2559
76143
76144
1627761
76145
76146
1627733
1886
203968
104
1736
203461
1120
712
76151
76148
76152
128
202728
76154
1627791
76155
76156
76157
76158
1629541
202722
76159
696
201976
204021
76160
76161
76162
1710
76163
2740
76164
76165
1497
76166
76167
203920
1628444
76168
1449
76170
76171
1629048
202687
202357
76172
76173
76174
204028
76175
76176
76180
76177
1806
76179
201971
2581
202392
1628469
200807
76182
76183
76184
101154
302
202339
76186
76187
76188
1628417
916
1548
203505
1629129
76189
76190
2800
76191
76192
2586
203992
202711
177
101106
1564
1629626
76195
1628413
76196
1627762
76197
76203
76198
1603
1629648
1121
1629067
76201
41
2588
1626164
511
202344
200767
76204
1916
1522
76206
2430
2414
76207
1953
76209
76210
2547
76211
76212
76213
1628449
2257
76214
1898
1477
1763
1628968
194
76217
1085
1629065
76219
671
76221
76222
76223
1863
76224
76225
200841
76226
202342
76227
76228
76229
202340
76233
76230
76231
76232
2214
762
1628396
1361
66
1765
1920
76237
1882
210
76238
76239
76240
1629714
76241
76242
76243
1629649
160
2452
76245
76246
76247
201147
2249
76248
76249
200758
2056
76250
783
76252
76253
1628969
1628970
76254
76255
1628515
76256
1629052
76257
76258
76259
76260
76261
201972
1629151
76262
1627763
76263
76264
201166
1628415
76265
202705
76266
418
2810
1626148
76284
201628
1628971
359
2245
76270
244
200793
201974
2484
2081
76272
76273
1871
76275
203913
1627759
76276
2208
2198
76278
76279
203485
992
203900
1479
1629650
76277
136
753
76282
76283
76286
200769
76285
1628425
2357
76268
1629718
1628972
76287
76288
1628973
1594
1627852
76289
76290
977
95
1628418
76291
76292
76293
76294
76295
1761
76296
76297
201978
76298
146
1934
672
203493
76300
76301
76302
76303
2469
203504
76304
202692
2766
101207
76305
76306
76307
76308
76309
197
76311
675
76313
1629126
76314
416
76316
76317
202221
76318
76319
2406
202364
76320
2866
202710
348
2446
202779
201182
101115
101198
76321
76322
76323
2560
76324
203998
679
262
76326
201979
101181
154
76328
76329
203484
76331
76330
76332
76333
76334
76335
76336
76337
948
922
76338
203477
1628427
76339
203991
202382
2073
76340
76341
2367
76342
76343
76344
76345
200760
76346
156
76348
713
1757
76350
76351
76352
201960
76353
2679
1131
1853
76355
76356
76357
76358
76359
1628975
2466
76360
76361
1713
1628976
203487
76362
76363
1627936
76364
208
201956
76365
767
76367
1509
76368
1626161
1628505
190
1628463
76370
76
1911
76373
2763
201596
76374
76375
76376
1472
76378
2199
201163
76379
76380
364
76382
76383
76384
1629147
384
1629597
76385
76386
203805
76387
432
2735
719
164
1629185
76391
76392
1627737
76393
76394
76395
57
202091
1626176
203902
203565
928
76397
76398
201947
1629109
203546
1721
1629634
1626262
203903
1628492
201964
1127
1629651
2049
76402
2043
76403
1629598
1628499
76404
76406
1569
76407
76408
76409
1629599
76410
76411
715
202708
76412
934
76413
76414
76415
902
2044
76416
76418
76421
1530
2260
2215
76419
1628381
200776
202395
1628380
1627858
201954
2555
76422
1629045
2173
306
76425
76426
76427
76428
201144
76429
55
1626192
76431
76432
101215
76433
76434
76438
2567
201161
76435
76436
76437
2241
1626188
1629076
1628429
76439
76440
204022
76442
1030
76443
76444
76441
76446
203142
76447
76448
895
76450
76451
76452
76453
76454
1627856
203955
76456
1526
76457
76458
76459
1432
202408
202326
600003
203496
76462
76463
76464
76465
203459
1628470
1544
76466
2037
201621
202348
1628249
76468
76469
76470
2343
76471
76472
201159
76473
76474
76475
1506
76476
76477
76478
76479
180
76481
76482
203109
1629633
76483
187
1907
76487
201967
76485
203099
1061
76488
76489
940
223
76492
209
2201
201191
688
203552
201939
687
76505
76496
76497
2223
76498
956
76499
76500
1498
2845
1380
2605
76502
203584
390
76504
76506
76507
212
76509
76511
203540
921
1600
201176
76514
203561
203076
213
76515
1884
989
76538
76533
76516
76517
76518
76519
905
1627738
76521
202334
76522
1023
201175
76523
93
76524
76525
76526
2668
707
76528
76529
76530
76531
76520
200781
76532
1729
76534
1629056
426
1629093
76536
1453
203958
76539
1008
76541
1626183
201286
76542
103
201948
76543
201986
76545
692
76551
201942
76562
76544
203473
76546
143
76548
1626214
1626155
219
1627098
183
2568
1629116
960
203521
76552
76553
725
76555
2736
76556
76557
202458
76558
76559
1629094
76560
76561
76568
1628978
1760
1627767
1628977
2564
200821
200799
2424
2079
76563
1722
76564
76565
101143
203476
76566
76567
76569
76570
76571
76574
76575
76576
203915
101113
2205
76577
76578
124
2413
1059
76580
1720
76581
76582
76583
1629029
76584
76586
76585
2039
76587
201595
1628416
1629652
1628422
200763
76588
76589
76590
428
201962
201604
1629635
76592
202220
76593
76594
76595
1628495
1628408
76596
201609
204054
1068
1724
76598
76599
203580
17
1041
76603
1542
76604
203083
76623
76605
404
76607
201
201162
76608
76609
76610
2768
1626251
76611
247
30
434
76615
1495
2399
76616
1627739
76617
76618
2648
201142
76619
1090
76621
76622
1628979
76624
76625
76626
202406
289
76628
768
76630
203921
76631
76632
202365
76633
76634
2569
204067
76635
76636
76637
76638
721
76646
898
1629035
2451
346
76641
229
76643
2823
236
202197
1629053
76647
76648
76649
378
76651
458
1918
2064
76653
53
76655
1627740
201961
76656
251
76658
76664
107
1677
76661
111
1034
76663
101145
442
600010
1922
76667
2408
203954
76668
2765
76669
76670
76671
76672
76673
76674
76676
203119
76675
76677
203898
203516
76678
201623
76679
76680
76681
1915
76682
76683
1629234
76687
967
76685
1628980
1628393
202379
2230
76686
2501
201936
101137
121
201607
203957
201963
203105
76689
76690
76691
1629605
76692
202702
76693
200770
2824
76695
76694
1108
76696
203543
202324
201174
76697
76698
76699
994
76701
76702
76703
1627770
1626245
203467
101230
76704
101109
76705
76706
2724
1628390
201164
1628981
76707
76708
76709
273
1627812
76711
76712
198
201178
76713
202361
76714
76715
76716
714
76717
1627827
900
965
2809
76720
76719
2033
76721
76722
76723
313
2784
76725
76726
201938
76727
76728
76729
1829
76731
202880
1627854
201814
76732
2228
76733
76734
76735
76736
101213
726
2551
76738
76739
2218
202622
1504
76740
323
1902
76742
2238
203095
76744
76745
1762
1628368
76746
76747
296
200751
1502
2499
1883
76748
76749
203479
1629606
1626187
204025
76750
76751
1628982
76752
202690
76753
200777
76754
76755
76756
2782
76757
76758
76759
76760
101112
76761
76762
76763
76764
2673
957
76765
1628365
1444
76767
76768
1629117
2429
202070
1629655
101184
76769
76770
2558
202178
76771
76772
76773
201568
204038
76774
333
76776
200816
2092
2682
101128
76778
201242
76779
76780
1627868
1629636
76781
76782
76783
1612
76785
708
1831
1628656
76786
1051
203197
76788
76789
76790
76791
1619
1727
76793
201188
2200
76794
423
930
200752
76797
1845
1627771
1002
202087
761
101153
1904
76800
202331
76801
1627875
76802
76803
76804
76805
76806
76807
200789
76808
1626780
76809
76810
201959
76811
201592
201821
1628385
1628983
2109
383
76812
76813
288
76815
600014
76817
76818
1938
1921
76819
202148
76820
76821
76822
76823
76824
76825
1901
2601
76826
203497
76827
76828
76829
924
101155
76830
76831
2400
76832
1864
203462
1629164
76833
203932
2732
204079
201569
76834
76835
101162
76836
202726
76837
76838
76839
1628984
37
101121
76843
76841
76842
101211
1626203
76844
97
101122
76847
258
76850
202
285
265
270
203924
1626170
76852
1514
76853
1629055
76854
76855
201189
1070
1516
1026
76859
1627982
76860
76861
76862
76863
81
76865
920
201980
101209
203110
203475
101123
203210
1629750
201145
76867
76868
76869
600011
1036
76872
76873
76874
76875
76877
76876
76878
201192
76879
2584
201590
101158
76880
76881
76882
2696
76883
76884
76885
76886
76887
1559
201933
2204
76888
76889
201981
76890
76891
1575
76893
76894
76895
76896
76897
101219
76899
76900
76901
1629741
76902
339
76903
76904
76905
76906
76907
76908
76909
203268
1629657
2062
2775
1629060
76910
201632
76911
76912
76913
76914
76915
76916
76917
201612
203798
2409
76918
76919
76920
917
76922
1628985
200837
76923
1032
984
76925
1627772
76926
202706
203120
76927
1888
76928
76929
2347
676
1985
903
67
1627773
241
1052
76935
76936
1628605
76937
76938
76939
203162
201946
76942
76940
76941
2580
1682
76944
202376
358
896
203501
201935
76945
76946
76947
76948
76949
203090
76950
76951
76952
157
1629607
202712
76954
166
1723
1626149
202725
2492
1733
2454
970
76956
76957
76959
76958
2734
203548
203914
203925
446
202412
200839
76960
202227
202699
76961
1626151
1626150
76962
2758
1627885
2078
1628404
1628392
176
2051
202238
321
76965
2617
2239
76967
76966
76968
2213
76969
76970
201150
76971
76972
765
1038
76974
1138
76975
76977
76978
101236
76979
2553
1629637
1628502
76980
202330
202351
2217
76981
76982
76983
101129
1049
76984
76985
203687
76986
76987
76988
76989
673
1538
76990
76991
76993
201945
1764
76992
76994
76996
971
76998
76999
77000
77004
77001
77002
1627988
77003
202333
203089
1667
77006
77007
1629608
1627823
1626195
1914
61
200835
1629639
77010
77011
77012
77013
77014
77015
1626209
201579
77016
1628439
77017
201581
1627741
202809
1848
77019
925
77021
77022
1629312
77023
77024
77025
77026
201588
255
201195
201941
203524
201631
238
77027
1626199
77028
77029
2550
77030
77031
77032
200823
1629658
202359
1106
101125
77034
77035
77036
77037
77038
697
77039
2450
1628988
201950
203200
77040
77041
204066
77042
77043
200797
77044
1626178
1626158
77045
77046
77047
77048
77049
77050
1532
202715
1967
203918
77051
77052
77053
77054
203816
77055
77056
201143
77057
77058
204
202862
109
77060
1629659
77061
77062
2067
1627863
275
780
77064
77065
2730
77066
2572
436
77067
77069
1128
77070
77072
77071
201991
77074
1607
1626273
1628989
203962
1572
77076
77077
77078
1716
1965
203133
77080
2415
1629353
77081
2743
77082
2599
77083
201805
1629631
77084
283
201629
1626154
2212
1626205
310
77086
77087
77088
77089
1628990
77090
77091
77092
201586
2738
980
101148
101141
77093
77094
204060
203996
201281
1627742
77095
77096
202681
1628371
77097
77098
947
2767
1628411
101127
1628935
77099
1517
202132
201616
1627743
1628402
77101
1114
1983
754
1628367
1628382
77103
2739
1531
349
77104
77105
77106
203510
77107
1872
202704
77109
1536
77100
77110
77111
1628991
77112
2418
1734
77114
77115
203108
202345
77116
1080
1744
1629713
2544
2229
1628455
1906
1712
1942
77120
77122
2060
77123
101180
201605
77125
77126
2423
201785
2744
1628518
203928
200971
2210
1629610
2407
202724
2798
203098
201943
24
1137
77129
201973
1629660
201998
203511
200817
2639
200792
1628993
101161
77131
1533
202356
77132
422
1629168
1627744
77130
1629661
201291
77133
202419
203187
77135
77136
1626177
683
77138
77139
1746
77141
2035
698
77144
77145
911
77146
77147
77148
77149
77150
77151
201274
202707
201949
2207
77152
77153
1629640
2256
77154
134
913
77156
77158
2669
77159
77142
77160
77168
77161
203910
77162
204179
203111
77163
77164
77165
1626169
77166
77134
201234
204020
77167
202325
203130
77170
77169
77171
203999
77172
2264
77173
77174
77180
77193
200784
77175
279
77178
1869
2563
1627745
1800
203199
202346
963
101204
77182
77183
224
77184
2410
77185
1627883
2592
1629203
77186
77187
1908
77188
203158
77200
77189
2891
90000
77195
77191
461
77192
77194
77196
2652
200780
77197
203093
1626145
77198
77199
77201
77202
77203
203103
1627884
1817
201599
77205
202366
893
674
77208
77209
77210
77211
77212
77213
202709
2123
203126
77214
77215
1629662
77217
77218
77219
2549
1626163
202683
77221
2574
77222
203508
201207
77223
77225
2435
77226
77227
201619
77228
77229
77230
77231
228
77233
77234
77235
77236
77237
203527
77238
77239
77240
431
1118
77242
1628379
202810
77243
77244
77245
77246
77247
1801
77248
70
77249
760
77251
1930
705
2751
467
1629742
77254
203077
77255
77256
77257
77258
203930
77259
77260
77261
77262
77263
77264
12
77266
701
77268
1628994
1562
77270
728
1629663
77272
77273
1101
351
77276
77277
200814
1905
203945
77278
77279
77280
1123
954
1628467
170
101132
77283
77284
77285
77290
77287
2688
202688
1510
1861
77288
77289
969
77291
77292
77293
1628995
77294
77295
77296
77297
402
1629723
77299
77300
1627788
77301
1628436
101117
2594
77302
77303
77304
201585
77305
77306
77307
77308
77309
77310
203139
77311
77312
77313
77314
2420
1474
77316
77317
77318
77319
77320
77322
389
77323
77324
77325
1629066
201633
2825
1628398
203136
1627851
77327
1711
77328
1601
77340
203897
1627746
77326
363
201802
100263
77329
77330
203117
203087
77331
77332
2573
77333
2253
201171
202068
77334
77335
457
226
2591
1892
101247
1629641
2061
600005
77338
1627879
77339
203499
77341
201186
77342
968
77344
77345
203530
77346
77347
201151
202371
77348
1535
201951
1627774
77350
1627747
1628388
77351
77352
77353
77354
287
1629665
203495
77356
77357
201584
1627814
101135
77358
77359
77360
77361
77362
202723
77363
77364
77365
77366
77367
100
77369
1627215
203458
702
77371
77370
202695
203086
77372
202727
77373
77374
202720
77375
77376
77377
77385
736
77379
77380
77381
729
1900
77383
1740
77384
77386
77387
202732
77388
203081
202391
77389
175
1629642
988
2733
77392
1024
77394
77395
77396
77397
77398
77399
1100
77401
77402
1629155
77403
38
1609
3
1381
77406
1627848
26
1626172
201572
1732
2221
201577
943
77409
77410
77411
77412
201567
77413
77414
77415
77416
200768
1628070
77417
77418
77419
203564
77420
101249
77421
1731
77422
77423
77424
77425
1627789
1628399
1626168
248
77426
77427
1627815
1928
77430
931
77428
77429
203159
101178
77432
694
202714
1635
77435
202731
77436
1629133
1855
1629122
77438
77439
2432
1666
2058
77441
203705
1894
77442
2048
101133
77443
77444
328
105
200970
1627748
77447
117
252
77449
1074
77450
77451
77452
77453
986
1629611
330
77454
316
77456
77457
77459
77458
203906
77460
950
36
77462
77463
1890
1626246
1628374
200806
1752
77464
77465
77466
681
923
203088
101185
77467
77468
77481
77478
77469
1628997
201858
1628998
733
239
77473
77471
77472
1626185
77474
1629103
2030
2755
77475
77476
77477
77479
77480
469
77482
193
2046
1628412
2427
763
77483
1628999
1629726
1628493
77484
202083
77485
77486
101131
77487
137
77489
77490
101118
195
77492
77493
77495
77494
201953
201564
77496
77497
201601
2788
77498
203949
77499
1628769
203492
737
77500
77502
101119
77503
77504
77505
77506
77507
1820
962
1043
1627775
77509
77510
2082
77512
45
203468
77513
77514
204456
77515
77516
1741
77517
200840
1622
77518
1628571
1626191
77520
723
1365
1629667
77523
203909
203926
77524
77525
1075
77527
686
77528
200829
77529
203956
201580
77530
77531
77532
77533
1503
77534
203585
77536
77535
77537
201187
1450
29
976
77540
77541
77542
77543
365
243
77547
77545
77546
203590
1628035
1629162
203463
77548
77549
2693
1728
77551
203
77553
77554
77555
77556
77557
77558
77559
202077
77560
77562
77561
77563
2101
77565
203895
77566
201177
77567
77568
2098
1577
201975
77570
77571
77572
77573
77574
1626257
203539
77576
77575
1629740
203097
1629001
77577
77578
77579
77580
77581
200822
1500
77582
77583
77584
1629002
684
77586
77587
77588
1626175
203114
77589
2036
77590
600012
77591
77593
77594
101223
101139
2032
77596
1527
2545
77598
1889
292
77605
77603
1802
203121
77602
77599
77600
77601
1626259
2034
932
203113
397
77604
168
77606
201988
371
202407
200794
1629003
114
77609
77610
65
77612
202703
77613
1954
1628378
77615
77616
417
77614
203183
203502
1628513
77618
77619
1749
211
77621
77622
1737
2040
77623
1629690
77624
77625
77626
77627
2752
1628370
600006
202328
77628
1626242
77630
376
200081
77631
77632
1628500
202734
77634
77633
77635
1630
77636
77637
929
1629630
203961
77639
77640
77641
77642
77644
356
202721
77647
1628537
202693
77646
1628420
201043
2242
202694
200747
77648
77649
201627
132
1972
77652
77653
77654
734
202700
1628405
2069
203102
297
202389
77657
1626144
77658
203498
77659
77660
201957
904
77662
942
204098
77664
77665
785
49
77668
77669
77672
203513
77670
77671
203122
77673
77674
2211
1627749
2436
1627750
77675
441
145
77676
203315
1629058
203488
77677
1054
87
982
939
1629004
1626122
2055
77681
77682
2411
1627846
77683
77684
1924
2059
77685
1626204
203894
77686
77688
77687
959
77689
77690
77691
77692
77693
2434
202380
101238
1626254
77694
202390
77695
77696
77697
203517
77698
77699
201634
77700
2749
77701
1129
2403
1838
77704
1725
203526
77705
77706
77707
1116
1096
1956
77710
271
77712
1627777
201193
77713
203094
1093
77715
77716
77717
77718
77719
77720
77721
201149
77722
2804
200786
203457
77723
203512
77724
77725
999
77727
77728
77729
80
77731
983
77732
1629668
77733
77734
77735
77736
200779
1629669
77737
1717
1628373
1629134
203263
203994
77738
1628021
1022
1525
709
77742
77744
77743
1626266
200753
203948
77745
77746
77750
77752
77753
77754
77766
979
406
1626220
77767
203124
77773
77774
77776
891
101177
1627849
201141
1885
77747
77748
1628
77751
203317
1628400
2731
1626143
1629059
1629006
1629644
2246
203506
165
77756
77757
77758
77759
77760
1680
2352
1429
1563
77764
1709
77765
203482
1629671
202620
1627778
77768
77769
77770
77771
202350
77772
1626224
77775
731
77777
77778
77779
1626162
448
2566
77780
77
101261
182
2442
77782
77783
77784
77785
202082
77786
1077
2071
77788
2585
123
77789
1909
1627779
77790
1960
77791
77792
77793
77794
1950
1627834
203123
2457
202951
77797
305
77799
1515
203953
2470
77800
2225
77801
685
77802
77803
77804
202718
1629672
1097
77806
77807
77808
77809
1754
77811
203934
202335
1739
77812
77813
77814
1628383
203464
101108
77815
77816
77817
2562
77818
77819
77820
77821
203940
1626166
77822
77823
203901
56
77824
1627780
77825
77826
200762
77827
324
201593
77828
203658
77829
2130
2667
2632
46
781
2570
64
77834
200785
1628506
77835
386
897
456
445
1628409
77839
77840
77843
77841
77842
2050
77844
101130
77845
77846
77847
77848
77850
77849
74
77852
77853
1629341
77854
77855
184
15
1718
894
77858
2554
77859
291
200838
77861
1629033
77862
77863
937
77864
202354
2565
202353
1627850
203486
203101
77865
2750
1627751
1629738
77866
77867
1513
77868
178
77869
202347
1629044
1629673
77870
998
77872
77873
2084
77875
77876
345
1629645
1629008
203490
1626171
77878
204001
1899
2068
958
200796
203939
2694
2867
1626181
101232
1627816
77879
203515
77880
77881
201985
85
77883
899
77884
101179
77882
77886
203143
1627752
2419
77887
340
1919
201172
2038
77888
77889
77890
1626643
1628681
77891
1627817
77892
200809
77893
1628397
77894
77895
77896
77897
129
2209
1893
77899
77900
203545
77901
77902
77903
77904
2080
77905
2762
77906
77907
77908
1821
1626184
203944
201576
101183
2216
77910
77911
77912
78656
1628504
77913
77914
77915
689
202360
77916
200810
77917
77918
77920
77919
77921
77922
77923
1629729
1442
695
2072
1629629
77925
200755
77926
1628432
77927
2770
77928
203186
77929
735
234
77932
77933
77937
690
462
77935
1629675
77936
202385
2876
77938
77939
720
77941
77942
981
704
77944
1629244
77945
77946
77947
1518
779
203318
201181
77950
2202
200978
1626196
1627781
77952
2369
71
2047
782
77954
77955
375
77957
2557
77958
77959
2541
77960
77963
35
77962
77964
77965
77966
77967
77968
77969
203085
77970
470
77972
203460
101194
77973
2121
77975
77979
203148
122
77977
101160
77978
914
926
600015
1926
77983
77984
2774
997
77986
361
764
1628421
1629130
1944
77988
299
77989
1554
381
1629010
1629620
1683
1629011
101126
77994
716
203080
77993
77996
203922
77997
77998
1629676
77999
78000
78001
78002
78003
23
200771
691
435
78007
78008
915
964
78010
78011
202375
78012
78013
78014
78015
200765
399
201565
147
990
78016
78017
78018
78019
78020
2624
203082
78021
78022
78023
78024
78025
78026
78027
78028
78029
78030
78031
200750
140
78033
32
1626179
201937
2462
78035
78036
204014
78037
1913
460
78039
78040
78041
78042
78043
474
201575
2416
78049
935
78047
78045
1626156
78046
78048
201041
717
1627734
203135
78050
78051
927
2422
1089
2066
1629677
200798
1629102
203960
2441
78055
202396
2143
78057
1874
202336
2684
78059
78060
2091
78061
78062
203967
987
2219
203107
2261
78063
78064
78065
78066
2453
78067
2243
2637
78068
78069
78070
78071
78072
78073
78074
78075
7
78076
78078
88
78080
78081
101195
78082
368
78084
78085
78086
78087
1629678
78088
78089
96
203471
78091
78092
78093
2449
78094
78095
1064
2
78097
192
1109
203118
78100
1035
78102
78103
1578
907
78105
78106
78107
200757
938
78109
202729
1627782
78110
78111
78112
78113
78114
200754
78115
202338
1738
201196
78116
1629012
78117
78118
1593
78120
78121
201203
1629013
1539
78123
78124
78125
78126
201594
1117
78128
216
1745
1629621
78130
78131
78132
78133
203129
1852
78135
78136
78653
2321
78138
78139
78140
78141
78142
78143
202697
203144
1627783
1626296
78144
78145
78146
78147
78148
78149
78150
78151
202918
202081
78152
1629735
101134
1627732
2250
200759
78153
78154
203613
1628424
1489
1750
1629014
54
202067
78157
1591
78160
201235
78159
203156
78161
202713
201606
202698
101189
78162
78163
78164
203491
101
78167
1730
78168
78169
78170
1073
78171
78172
2447
202388
78173
101166
78174
1629346
78175
203935
78176
78177
78178
78207
78209
78202
78203
293
1520
78179
1814
203147
78181
200783
78182
78183
78184
78185
2764
475
78187
78188
78189
78190
202962
202397
2747
2074
201160
202536
78191
693
2746
78192
181
78194
78195
1910
63
78197
2065
202701
78198
78199
78200
78201
78204
203893
78205
120
200848
1478
2604
380
78208
1629015
1628372
22
1091
78212
203503
727
78213
2745
78214
78215
78216
78217
2226
78219
2443
78220
203480
78221
2776
1629034
78222
2779
78223
600009
78225
78226
201578
1629016
78227
771
280
78230
78231
201168
78232
84
78233
78234
78235
1756
711
78237
78238
78239
78240
78241
317
78243
203917
78244
78245
1099
1735
203474
78247
78249
1086
202362
1627293
78250
78251
78252
2052
78253
1529
1125
1565
78256
201880
78257
179
78259
78260
78261
204065
304
978
1055
78264
203950
600016
78266
1627754
202933
2852
757
101136
2405
78267
201199
78268
78269
1065
1110
393
78270
78271
400
78273
78274
1629622
201155
78275
78276
78277
203096
201969
1628410
78654
201180
78278
1743
78279
682
78280
78281
357
78283
1628403
78284
78285
2552
2741
2031
78286
202377
78287
1132
1136
1887
440
2657
101147
78291
1434
78293
78294
1628369
204002
78295
78296
101182
78298
1627819
78297
78299
203106
201966
1511
78301
1508
201446
78302
203116
78303
78304
201952
203104
203141
2742
202066
1628462
78305
1629123
78307
78306
78308
1629150
1891
201934
78309
1628464
78310
78311
78312
78313
78314
203519
2873
1063
78316
2041
78317
202738
78318
1975
2839
78320
78321
1519
1903
1629017
703
202498
202952
1629744
78322
1501
200748
202717
78323
1631
240
78325
78326
101159
78327
203138
201574
78328
78329
202691
78
78331
202814
78332
78333
202684
78335
201154
738
201977
1628414
901
9
600001
78340
1629680
78341
78342
78343
78344
2224
47
1627861
78346
78348
78347
201229
78349
78350
78351
78352
78353
342
78355
78356
78357
78358
2351
78359
78360
1626253
78361
700
78363
78364
1626157
78365
78366
78367
1714
718
1629018
2244
78651
1629019
78368
78369
2456
2054
78370
78371
2401
78372
201169
141
78374
200782
78375
101142
1726
2045
78377
78385
78378
202323
78379
78380
78382
78381
1819
1626167
1943
78386
78387
78388
189
202719
78390
78391
202775
202327
2137
2757
101146
1627755
78392
78393
78394
1627784
202386
201987
202685
78395
1627756
78396
78397
78398
78399
78401
78400
89
1496
78406
1627832
78402
78403
1629020
78405
78404
78407
2128
2237
2760
202363
202349
78409
710
1521
1626173
78411
919
78413
78414
202686
78415
78416
101111
78418
78417
200790
1844
78419
78420
78421
78422
203943
2063
78423
2582
1037
78425
2761
202696
2756
1629731
2548
78426
101144
78427
2402
78428
78429
1629021
203079
78430
78431
78432
78433
952
78434
78435
78437
78436
201611
78438
78439
202689
78440
78441
955
78442
1629022
202322
1112
2222
961
78443
739
1627820
78444
78445
78446
101190
777
78447
78448
78450
78449
2575
1628476
202954
78453
78454
369
78455
78456
203810
78457
78458
78459
78460
1627866
78461
203933
202378
78462
101124
78463
1627395
78469
200827
78464
78465
1540
78466
78467
1629023
78468
78470
78471
1629139
1629682
201208
201228
2248
320
78474
78473
203146
204033
204037
221
78475
1629683
201602
78477
78478
892
1627821
185
1627362
78479
1067
101110
78481
78482
201603
78483
78484
78485
78486
1719
1528
78488
78489
1846
2412
1629118
82
78492
438
78494
133
78495
2561
2753
28
78497
201238
770
78499
201566
78500
78501
101156
941
1545
78504
1755
78506
1629632
201591
1628401
78507
78508
78509
1751
200778
78510
1627855
1839
2206
78512
203091
78513
202358
78514
78515
1628510
1627785
78516
1126
202355
730
78519
43
203963
78520
78521
78522
203952
78523
78524
203912
2404
78525
78526
1628451
78527
78528
78529
78530
78531
78532
78533
2863
1122
78534
786
78537
78538
2366
1425
1626210
1541
78539
78540
78564
1585
433
203710
78547
78541
78543
101258
101114
202682
78545
78546
202343
677
2421
78548
1629684
78549
78550
1006
73
1715
101214
2398
420
966
78554
1629140
202716
200818
78555
1629026
78556
31
101150
200766
201173
101107
52
78558
78560
2590
42
78561
78566
78571
199
202130
78563
78565
78567
78568
78569
281
201157
1742
200761
200749
78570
201944
1576
1627786
1005
78573
78574
1629057
1628475
1628430
722
78575
1629627
788
78577
2000
78586
78585
1628391
78579
78580
203966
78581
78582
78578
78583
78584
78587
1027
1627787
78589
78590
1629685
78591
78592
766
112
78596
78597
1626159
1984
1868
78600
78601
78602
203481
78603
1456
78605
78606
341
2106
203489
78610
78612
1626174
116
78609
78611
2254
2417
1010
78614
78615
906
78616
78617
1897
78618
1460
101120
101152
78620
201148
202874
203203
1626153
2748
78621
78622
201153
78623
953
1007
412
1629625
203100
78627
1627824
2397
2428
78628
78629
78630
78631
201146
78632
78633
203923
1626202
1748
78634
201156
78635
201970
201152
1937
1629027
78638
78639
203469
78640
78641
78642
202545
203092
78643
78644
1917
1627753
678
2583
1627757
1627835
1627790
78647
78648
1627826
78650
